[265.1574690468388, 298.7247820491016]
[265.1574690468388, 298.7247820491016]
[265.1574690468388, 298.7247820491016]
[265.1574690468388, 298.7247820491016]
[265.1574690468388, 298.7247820491016]
[265.1574690468388, 298.7247820491016]
[265.1574690468388, 298.7247820491016]
[265.1574690468388, 298.7247820491016]
[265.1574690468388, 298.7247820491016]
[265.1574690468388, 298.7247820491016]
[265.1574690468388, 298.7247820491016]
[265.1574690468388, 298.7247820491016]
[265.1574690468388, 298.7247820491016]
[265.1574690468388, 298.7247820491016]
[265.1574690468388, 298.7247820491016]
[265.1574690468388, 298.7247820491016]
[265.1574690468388, 298.7247820491016]
[265.1574690468388, 298.7247820491016]
[265.1574690468388, 298.7247820491016]
[265.1574690468388, 298.7247820491016]
