[258.21850923141375, 291.3568669512111]
[258.21850923141375, 291.3568669512111]
[258.21850923141375, 291.3568669512111]
[258.21850923141375, 291.3568669512111]
[258.21850923141375, 291.3568669512111]
[258.21850923141375, 291.3568669512111]
[258.21850923141375, 291.3568669512111]
[258.21850923141375, 291.3568669512111]
[258.21850923141375, 291.3568669512111]
[258.21850923141375, 291.3568669512111]
[258.21850923141375, 291.3568669512111]
[250.40092411645153, 283.04904722771687]
[250.40092411645153, 283.04904722771687]
[250.40092411645153, 283.04904722771687]
[250.40092411645153, 283.04904722771687]
[250.40092411645153, 283.04904722771687]
[250.40092411645153, 283.04904722771687]
[250.40092411645153, 283.04904722771687]
[250.40092411645153, 283.04904722771687]
[250.40092411645153, 283.04904722771687]
